p  0.319775   0.947490  0.002458  -97.885193  0 
   O  0 0 
L 30.986336   92.472466   146.358047 27.358513    93.696831 146.361221 V 0 0 
L  30.986336   92.472466   146.358047 30.986336    92.482872 142.346634 H 0 0 
L  27.358513   93.696831   146.361221 27.358513    93.707245 142.349808 H 0 0 
L  30.986336   92.482872   142.346634 27.358513    93.707245 142.349808 V 0 0
O  1 0 
L 33.455685   91.639137   146.330612 32.287632    92.033348 146.331635 V 1 0 
L  33.455685   91.639137   146.330612 33.455685    91.648376 142.768509 H 1 0 
L  32.287632   92.033348   146.331635 32.287632    92.042587 142.769531 H 1 0 
L  33.455685   91.648376   142.768509 32.287632    92.042587 142.769531 V 1 0
O  2 0 
L 25.302824   94.394211   144.977051 24.504988    94.663483 144.977753 V 2 0 
L  25.302824   94.394211   144.977051 25.302824    94.399437 142.962891 H 2 0 
L  24.504988   94.663483   144.977753 24.504988    94.668701 142.963593 H 2 0 
L  25.302824   94.399437   142.962891 24.504988    94.668701 142.963593 V 2 0
