p  0.320531   0.947176  0.010784  74.573970  0 
   O  0 0 
L 417.504852   -64.169319   141.900421 416.577393    -63.855503 141.903992 V 0 0 
L  417.504852   -64.169319   141.900421 417.504852    -64.138336 139.178543 H 0 0 
L  416.577393   -63.855503   141.903992 416.577393    -63.824512 139.182114 H 0 0 
L  417.504852   -64.138336   139.178543 416.577393    -63.824512 139.182114 V 0 0
O  1 0 
L 412.010681   -62.310280   141.920425 410.970825    -61.958431 141.924438 V 1 0 
L  412.010681   -62.310280   141.920425 412.010681    -62.280048 139.264893 H 1 0 
L  410.970825   -61.958431   141.924438 410.970825    -61.928200 139.268906 H 1 0 
L  412.010681   -62.280048   139.264893 410.970825    -61.928200 139.268906 V 1 0
O  2 0 
L 409.623016   -61.502781   141.964813 408.712372    -61.194653 141.968323 V 2 0 
L  409.623016   -61.502781   141.964813 409.623016    -61.471664 139.231430 H 2 0 
L  408.712372   -61.194653   141.968323 408.712372    -61.163532 139.234940 H 2 0 
L  409.623016   -61.471664   139.231430 408.712372    -61.163532 139.234940 V 2 0
O  3 0 
L 415.212158   -63.438812   145.884247 414.257355    -63.115742 145.887924 V 3 0 
L  415.212158   -63.438812   145.884247 415.212158    -63.418171 144.071289 H 3 0 
L  414.257355   -63.115742   145.887924 414.257355    -63.095100 144.074966 H 3 0 
L  415.212158   -63.418171   144.071289 414.257355    -63.095100 144.074966 V 3 0
O  4 0 
L 417.533783   -64.224358   145.874237 416.544647    -63.889668 145.878052 V 4 0 
L  417.533783   -64.224358   145.874237 417.533783    -64.203270 144.022522 H 4 0 
L  416.544647   -63.889668   145.878052 416.544647    -63.868584 144.026337 H 4 0 
L  417.533783   -64.203270   144.022522 416.544647    -63.868584 144.026337 V 4 0
O  5 0 
L 411.867920   -62.307350   145.906403 411.047150    -62.029633 145.909561 V 5 0 
L  411.867920   -62.307350   145.906403 411.867920    -62.286381 144.064743 H 5 0 
L  411.047150   -62.029633   145.909561 411.047150    -62.008663 144.067902 H 5 0 
L  411.867920   -62.286381   144.064743 411.047150    -62.008663 144.067902 V 5 0
O  6 0 
L 409.619476   -61.546642   145.922485 408.635101    -61.213566 145.926285 V 6 0 
L  409.619476   -61.546642   145.922485 409.619476    -61.525532 144.068085 H 6 0 
L  408.635101   -61.213566   145.926285 408.635101    -61.192455 144.071884 H 6 0 
L  409.619476   -61.525532   144.068085 408.635101    -61.192455 144.071884 V 6 0
O  7 0 
L 415.295593   -63.422245   141.948898 414.145325    -63.033035 141.953323 V 7 0 
L  415.295593   -63.422245   141.948898 415.295593    -63.413048 141.141251 H 7 0 
L  414.145325   -63.033035   141.953323 414.145325    -63.023838 141.145676 H 7 0 
L  415.295593   -63.413048   141.141251 414.145325    -63.023838 141.145676 V 7 0
